4
10
42
3.4
3.1
4.6
1.8
1.8
4.6
3.1
3.4
0.00 0.00 0.0
0.07 0.00 0.0
0.19 0.00 0.0
0.33 0.00 0.0
0.79 0.00 0.0
0.90 0.00 0.0
1.50 0.00 0.0
2.36 0.00 0.0
0.08 1.00 0.0
0.36 1.10 0.0
0.43 1.10 0.0
0.50 1.20 0.0
0.78 1.20 0.0
0.81 1.30 0.0
0.86 1.30 0.0
0.91 1.30 0.0
1.10 1.40 0.0
1.22 1.50 0.0
1.39 1.60 0.0
1.42 1.60 0.0
1.55 1.70 0.0
1.68 1.80 0.0
1.75 1.80 0.0
1.97 1.80 0.0
2.00 1.90 0.0
2.11 1.00 0.0
2.24 1.10 0.0
2.32 1.10 0.0
2.40 1.20 0.0
2.57 1.30 0.0
2.69 1.30 0.0
2.89 1.40 0.0
3.00 1.50 0.0
3.11 1.50 0.0
3.18 1.60 0.0
3.38 1.60 0.0
3.45 1.60 0.0
3.50 1.70 0.0
3.63 1.70 0.0
3.90 1.80 0.0
4.15 1.90 0.0
4.20 2.10 0.0
4.33 2.10 0.0
4.45 2.10 0.0
4.50 2.10 0.0
4.92 2.20 0.0
5.15 2.30 0.0
5.19 2.30 0.0
5.22 2.30 0.0
5.24 2.30 0.0
5.35 2.40 0.0
5.55 2.50 0.0
0
2.86 4.61 0.0
2.86 2.31 0.0
7.56 2.31 0.0
0
2.86 4.61 1.6
2.86 2.31 1.6
7.56 2.31 1.6
0
2.86 4.61 2.8
2.86 2.31 2.8
7.56 2.31 2.8
0
2.86 4.61 3.3
2.86 2.31 3.3
7.56 2.31 3.3
0
2.86 4.61 3.9
2.86 2.31 3.9
7.56 2.31 3.9
