4
12
15
18.3 
15.5
20.9
19.2  
19.2
20.9
15.5 
18.3 
0.0 0.0 0.0
1.7 0.0 0.0
2.0 0.0 0.0
2.3 0.0 0.0
0.7 1.5 0.0 
1.9 1.5 0.0 
0.7 2.5 0.0 
1.0 2.5 0.0 
1.2 2.5 0.0 
1.3 3.0 0.0 
1.4 3.0 0.0 
1.5 3.0 0.0 
1.6 3.0 0.0 
1.7 3.1 0.0
1.8 2.3 0.0 
1.9 2.3 0.0 
2.0 2.3 0.0 
2.1 2.3 0.0 
2.8 2.3 0.0 
3.2 5.0 0.0
4.1 5.0 0.0
4.5 5.0 0.0
5.2 5.0 0.0
5.8 5.0 0.0
4.1 10.0 0.0
5.7 9.0 0.0
6.2 9.0 0.0
0
4.2 5.8 0.0
9.2 5.8 0.0
4.2 10.8 0.0
0
4.2 5.8 3.0
9.2 5.8 3.0
4.2 10.8 3.0
0
4.2 5.8 4.0
9.2 5.8 4.0
4.2 10.8 4.0
0
4.2 5.8 4.8
9.2 5.8 4.8
4.2 10.8 4.8
0
4.2 5.8 5.4
9.2 5.8 5.4
4.2 10.8 5.4
