4
19
12
0.8
1.3
1.9
2.5
2.5
1.9
1.3
0.8
0.0 0.0 0.0
0.1 0.0 0.0
0.2 0.0 0.0
0.3 0.0 0.0
0.4 0.0 0.0
0.5 0.0 0.0
0.9 0.0 0.0
1.2 0.0 0.0
1.5 0.0 0.0
2.1 0.0 0.0
2.7 0.0 0.0
2.9 0.0 0.0
0.0 0.5 0.0
0.3 0.5 0.0
0.5 0.5 0.0
0.7 0.5 0.0
0.9 0.5 0.0
1.4 0.5 0.0
1.7 0.5 0.0
1.8 0.5 0.0
1.4 0.75 0.0
0.0 0.95 0.0 
1.1 0.95 0.0 
1.4 0.95 0.0 
1.6 0.95 0.0 
1.8 0.95 0.0 
1.9 0.95 0.0 
2.1 0.95 0.0 
0.4 1.5 0.0
1.3 1.5 0.0
2.8 1.5 0.0 
0
0.25 0.75 0.0
1.0 0.75 0.0
0.25 1.5 0.0
0
0.25 0.75 0.25
1.0 0.75 0.25
0.25 1.5 0.25
0
0.25 0.75 0.75
1.0 0.75 0.75
0.25 1.5 0.75
0
0.25 0.75 1.5
1.0 0.75 1.5
0.25 1.5 1.5
0
0.25 0.75 1.95
1.0 0.75 1.95
0.25 1.5 1.95
