5
18
19
2.00
3.00
4.00
5.00
6.00
6.00
5.00
4.00
3.00
2.00
0.00 -0.50 0.00
0.50 -0.50 0.00
1.00 -0.50 0.00
1.50 -0.50 0.00
2.00 -0.50 0.00
0.00 0.00 0.00
0.50 0.00 0.00
1.00 0.00 0.00
1.50 0.00 0.00
2.00 0.00 0.00
2.50 0.00 0.00
0.00 0.50 0.00
0.50 0.50 0.00
1.00 0.50 0.00
2.00 0.50 0.00
0.00 1.00 0.00
0.50 1.00 0.00
1.00 1.00 0.00
1.50 1.00 0.00
2.00 1.00 0.00
2.50 1.00 0.00
3.00 1.00 0.00
4.00 1.00 0.00
5.00 1.00 0.00
6.00 1.00 0.00
8.00 1.00 0.00
9.00 1.00 0.00
10.0 1.00 0.00
0.00 1.50 0.00
0.50 1.50 0.00
1.00 1.50 0.00
2.00 1.50 0.00
0.00 2.00 0.00
0.50 2.00 0.00
1.00 2.00 0.00
1.50 2.00 0.00
2.00 2.00 0.00
0
1.00 1.00 0.00 
2.00 1.00 0.00
2.00 2.00 0.00
0
1.00 1.00 1.00 
2.00 1.00 1.00
2.00 2.00 1.00
0 
1.00 1.00 2.00 
2.00 1.00 2.00
2.00 2.00 2.00
0
1.00 1.00 3.00 
2.00 1.00 3.00
2.00 2.00 3.00
0
1.00 1.00 4.00 
2.00 1.00 4.00
2.00 2.00 4.00
0
1.00 1.00 5.00 
2.00 1.00 5.00
2.00 2.00 5.00


