5
13
10
1.3
1.1
3.7
2.1
5.5
5.5
2.1
3.7
1.1
1.3
0.00 0.00 0.0
1.00 0.00 0.0 
2.00 0.00 0.0 
3.00 0.00 0.0 
4.00 0.00 0.0 
5.00 0.00 0.0 
6.00 0.00 0.0 
7.00 0.00 0.0 
8.00 0.00 0.0 
0.00 1.00 0.0
1.00 1.00 0.0
1.50 1.00 0.0 
2.00 1.00 0.0 
3.00 1.00 0.0 
4.00 1.00 0.0 
5.00 1.00 0.0 
6.00 1.00 0.0 
7.00 1.00 0.0 
8.00 1.00 0.0 
5.00 4.00 0.0 
6.00 4.00 0.0 
7.00 4.00 0.0 
8.00 4.00 0.0 
0
7.00 1.00 0.0 
7.00 2.00 0.0
8.00 2.00 0.0
0
7.00 1.00 1.0 
7.00 2.00 1.0
8.00 2.00 1.0
0
7.00 1.00 2.0 
7.00 2.00 2.0
8.00 2.00 2.0
0 
7.00 1.00 3.0 
7.00 2.00 3.0
8.00 2.00 3.0
0
7.00 1.00 4.0 
7.00 2.00 4.0
8.00 2.00 4.0
0
7.00 1.00 5.0 
7.00 2.00 5.0
8.00 2.00 5.0
