5
13
26
1.70 
1.80
1.90 
2.00
2.10 
2.10 
2.00 
1.90 
1.80 
1.70 
0.0 0.0 0.0
0.1 0.0 0.0
0.2 0.0 0.0
0.3 0.0 0.0
0.4 0.0 0.0
0.6 0.0 0.0
0.7 0.0 0.0
0.9 0.0 0.0
1.0 0.0 0.0 
1.2 0.0 0.0 
1.3 0.0 0.0 
1.5 0.0 0.0 
1.7 0.0 0.0
1.8 0.0 0.0
2.7 0.0 0.0
0.0 0.5 0.0
0.1 0.5 0.0
0.2 0.5 0.0
0.3 0.5 0.0
0.4 0.5 0.0
0.6 0.5 0.0
0.7 0.5 0.0
0.8 0.5 0.0
0.9 0.5 0.0
1.0 0.5 0.0 
1.2 0.5 0.0 
0.0 1.0 0.0
0.1 1.0 0.0
0.2 1.0 0.0
0.3 1.0 0.0
0.4 1.0 0.0
0.6 1.0 0.0
0.9 1.0 0.0
1.0 1.0 0.0 
1.2 1.0 0.0 
1.3 1.0 0.0 
1.5 1.0 0.0 
1.7 1.0 0.0
1.8 1.0 0.0 
0
0.00 0.00 0.50
1.00 0.00 0.50
1.00 1.00 0.50
0
0.00 0.00 1.00
1.00 0.00 1.00
1.00 1.00 1.00
0
0.00 0.00 1.50
1.00 0.00 1.50
1.00 1.00 1.50
0
0.00 0.00 2.00
1.00 0.00 2.00
1.00 1.00 2.00
0
0.00 0.00 2.50
1.00 0.00 2.50
1.00 1.00 2.50
0
0.00 0.00 3.00
1.00 0.00 3.00
1.00 1.00 3.00
