5
17
10
200
300
400
450
150
150
450
400
300
200
0 0 0
100 0 0
200 0 0
300 0 0
400 0 0
500 0 0
600 0 0
0 50 0
100 50 0
200 50 0
300 50 0
400 50 0
500 50 0
600 50 0
0 100 0
100 100 0
200 100 0
300 100 0
400 100 0
500 100 0
600 100 0
700 100 0
800 100 0
900 100 0
1000 600 0
1100 600 0
1200 600 0
0
100 100 0 
200 100 0
200 200 0
0
100 100 100 
200 100 100
200 200 100
0 
100 100 200 
200 100 200
200 200 200
0
100 100 300 
200 100 300
200 200 300
0
100 100 400 
200 100 400
200 200 400
0
100 100 500 
200 100 500
200 200 500


