5
13
26
218.8
328.2
437.6
492.3
164.1
164.1
492.3
437.6
328.2
218.8
0.0 0.0 0.0
27.3 0.0 0.0
54.7 0.0 0.0
109.4 0.0 0.0
164.1 0.0 0.0
218.8 0.0 0.0
273.5 0.0 0.0
328.2 0.0 0.0
382.9 0.0 0.0
437.6 0.0 0.0
547.0 0.0 0.0
0.0 54.7 0.0
27.3 54.7 0.0
54.7 54.7 0.0
109.4 54.7 0.0
164.1 54.7 0.0
218.8 54.7 0.0
273.5 54.7 0.0
328.2 54.7 0.0
382.9 54.7 0.0
437.6 54.7 0.0
547.0 54.7 0.0
0.0 109.4 0.0
27.3 109.4 0.0
54.7 109.4 0.0
109.4 109.4 0.0
164.1 109.4 0.0
218.8 109.4 0.0
273.5 109.4 0.0
328.2 109.4 0.0
437.6 109.4 0.0
547.0 109.4 0.0
656.4 109.4 0.0
765.8 109.4 0.0
875.2 109.4 0.0
984.6 109.4 0.0
1094.1 109.4 0.0
1148.8 109.4 0.0
1203.5 109.4 0.0
0
109.4 109.4 0.0 
218.8 109.4 0.0
218.8 218.8 0.0
0
109.4 109.4 109.4 
218.8 109.4 109.4
218.8 218.8 109.4
0 
109.4 109.4 218.8 
218.8 109.4 218.8
218.8 218.8 218.8
0
109.4 109.4 328.2 
218.8 109.4 328.2
218.8 218.8 328.2
0
109.4 109.4 437.6 
218.8 109.4 437.6
218.8 218.8 437.6
0
109.4 109.4 547.0 
218.8 109.4 547.0
218.8 218.8 547.0