5
10
34
2.3
3.1
4.6
5.8
6.2
6.2
5.8
4.6
3.1
2.3
0.00 0.00 0.0
0.39 0.00 0.0
0.54 0.00 0.0
0.69 0.00 0.0
0.90 0.00 0.0
1.90 0.00 0.0
2.36 0.00 0.0
0.28 1.00 0.0
0.36 1.10 0.0
0.43 1.10 0.0
0.56 1.20 0.0
0.68 1.20 0.0
0.75 1.30 0.0
0.86 1.30 0.0
0.91 1.30 0.0
1.10 1.40 0.0
1.22 1.50 0.0
1.42 1.60 0.0
1.55 1.70 0.0
1.68 1.80 0.0
1.75 1.80 0.0
2.00 1.90 0.0
2.30 1.10 0.0
2.42 1.10 0.0
2.50 1.20 0.0
2.67 1.30 0.0
2.79 1.30 0.0
2.89 1.40 0.0
3.00 1.50 0.0
3.38 1.60 0.0
3.45 1.60 0.0
3.50 1.70 0.0
3.63 1.70 0.0
4.15 1.90 0.0
4.20 2.10 0.0
4.33 2.10 0.0
4.45 2.10 0.0
4.50 2.10 0.0
4.92 2.20 0.0
5.13 2.30 0.0
5.25 2.30 0.0
5.34 2.30 0.0
5.45 2.40 0.0
5.75 2.50 0.0
0
1.75 3.5 0.0
1.75 1.2 0.0
6.45 1.2 0.0
0
1.75 3.5 0.987
1.75 1.2 0.987
6.45 1.2 0.987
0
1.75 3.5 1.12
1.75 1.2 1.12
6.45 1.2 1.12
0
1.75 3.5 1.67
1.75 1.2 1.67
6.45 1.2 1.67
0
1.75 3.5 2.32
1.75 1.2 2.32
6.45 1.2 2.32
0
1.75 3.5 2.51
1.75 1.2 2.51
6.45 1.2 2.51