        0.0000000          1.0000000            0.0000000
        0.5000000          1.0000000            1.0000000
        1.0000000          1.0000000            0.0000000
        0.0000000          1.0000000            0.0000000
        0.0988160          1.0000000            1.0000000
        0.5000000          1.0000000            3.0000000
        0.9011840          1.0000000            1.0000000
        1.0000000          1.0000000            0.0000000
        0.0000000          1.0000000            0.0000000
        0.0619550          1.0000000            1.0000000
        0.3112142          1.0000000            3.0000000
        0.5000000          1.0000000            4.0000000
        0.6887858          1.0000000            3.0000000
        0.9380450          1.0000000            1.0000000
        1.0000000          1.0000000            0.0000000
