        0.0000000          1.0000000            0.0000000
        0.5000000          1.0000000            0.0000000
        1.0000000          1.0000000            0.0000000
        0.0000000          1.0000000            0.0000000
        0.5000000          1.5000000            0.0000000
        1.0000000          2.0000000            0.0000000
        0.0000000          1.0000000            0.0000000
       -0.0000001          1.0000000            0.0000000
        0.5000000          1.0000000            1.0000000
        1.0000001          1.0000000            0.0000000
        1.0000000          1.0000000            0.0000000
        0.0000000          1.0000000            0.0000000
        0.0000768          1.0000768            0.0000000
        0.5000000          1.5000000            1.0000000
        0.9999232          1.9999232            0.0000000
        1.0000000          2.0000000            0.0000000
        0.0000000          1.0000000            0.0000000
        0.0000001          1.0000000            0.0000000
        0.4999954          1.0000000            1.0000000
        0.5000000          1.0000000            1.0000000
        0.5000046          1.0000000            1.0000000
        0.9999999          1.0000000            0.0000000
        1.0000000          1.0000000            0.0000000
        0.0000000          1.0000000            0.0000000
       -0.0010713          0.9989286            0.0000000
        0.4953984          1.4953984            1.0000000
        0.5000000          1.5000000            1.0000000
        0.5046016          1.5046016            1.0000000
        1.0010714          2.0010713            0.0000000
        1.0000000          2.0000000            0.0000000
