 -0.450693909432999       0.000000000000000E+000  0.000000000000000E+000
  0.000000000000000E+000  0.000000000000000E+000 -0.450693909432999     
  0.554700196225229       0.000000000000000E+000  0.000000000000000E+000
 -0.559016994374947       0.000000000000000E+000  0.000000000000000E+000
  0.000000000000000E+000  0.000000000000000E+000 -0.559016994374947     
  0.447213595499958       0.000000000000000E+000  0.000000000000000E+000
 -0.353553390593274       0.000000000000000E+000  0.000000000000000E+000
  0.000000000000000E+000  0.000000000000000E+000 -0.353553390593274     
  0.707106781186547       0.000000000000000E+000  0.000000000000000E+000
 -0.450693909432999       0.000000000000000E+000  0.000000000000000E+000
  0.000000000000000E+000  0.000000000000000E+000 -0.450693909432999     
  0.554700196225229       0.000000000000000E+000  0.000000000000000E+000
 -0.282429088358061      -0.155136281753175       0.000000000000000E+000
  0.000000000000000E+000 -0.155136281753175      -0.282429088358061     
 -3.488846377883967E-002  0.477477436206234       0.000000000000000E+000
 -0.296459816792264      -0.187801299235571       0.000000000000000E+000
  0.000000000000000E+000 -0.187801299235571      -0.296459816792264     
  2.721439269393716E-002  0.394427910645913       0.000000000000000E+000
 -0.267158472484034      -0.130921614033875       0.000000000000000E+000
  0.000000000000000E+000 -0.130921614033875      -0.267158472484034     
 -9.790240738602490E-002  0.565789496415066       0.000000000000000E+000
 -0.282429088358061      -0.155136281753175       0.000000000000000E+000
  0.000000000000000E+000 -0.155136281753175      -0.282429088358061     
 -3.488846377883964E-002  0.477477436206234       0.000000000000000E+000
 -0.261248350739082      -0.123424919682927      -7.675989840506321E-002
 -7.675989840506321E-002 -0.123424919682927      -0.261248350739082     
  0.356788909855348       0.396598121056221       0.203556809280109     
 -0.267220669113918      -0.131005042815713      -8.829455119381151E-002
 -8.829455119381151E-002 -0.131005042815713      -0.267220669113918     
  0.370127191988788       0.388464693572375       0.176964487488047     
 -0.255605226412021      -0.116965508546457      -6.874818089727704E-002
 -6.874818089727702E-002 -0.116965508546457      -0.255605226412021     
  0.344772327792269       0.406019698815598       0.227278740994569     
 -0.261248350739082      -0.123424919682927      -7.675989840506321E-002
 -7.675989840506321E-002 -0.123424919682927      -0.261248350739082     
  0.356788909855348       0.396598121056221       0.203556809280109     
